,2018-03-31,2018-06-30,2018-09-30,2018-12-31,2019-03-31,2019-06-30,2019-09-30,2019-12-31,2020-03-31,2020-06-30,2020-09-30,2020-12-31,2021-03-31,2021-06-30,2021-09-30,2021-12-31,2022-03-31,2022-06-30,2022-09-30,2022-12-31,2023-03-31,2023-06-30,2023-09-30,2023-12-31,2024-03-31,2024-06-30,2024-09-30,2024-12-31,2025-03-31,2025-06-30,2025-09-30,2025-12-31
ADANIENT,,,,,,,,,,,,,,0.022996308843294382,,0.023054979572006695,0.027074018286943953,0.033439641286812496,0.0468115113882446,0.04959902132587934,0.023897120233314792,0.029742280690409788,0.02894416634176938,0.03110319224902688,0.03349070345955181,0.0314997858602036,0.028656383193291706,,,,,
ADANIPORTS,,,,,,,,,,,,,0.021177194385496534,,,,,0.019006669729554657,,,,,,,0.026634736653962116,,,,,,,
ASIANPAINT,0.030982610792990584,0.029805483413185334,0.0280700094157362,0.030764188508917437,0.03154485929480309,0.026968129874842654,0.03429138681601288,0.03276502237316082,0.039611296706946006,0.03413370680187852,0.03639267057556228,0.04148641107681931,0.03611689016759807,0.03981438783353268,0.03840904133173659,0.03979187437185618,0.0360965491682633,0.03461249892126176,0.03809589233330629,0.033399316560821235,0.031722498351381107,0.03523204960298499,0.03189158113310975,0.03125420045209529,,,,,,,,
AXISBANK,0.037793530789678335,0.0322345953671649,0.035649729021457195,0.037212637769862486,0.04410560724460932,0.043845338591477746,0.039178122788333596,0.04069267543516472,0.02650038747604244,0.024200575638434273,0.02482072455176759,0.02971783796576786,0.03170877611342986,0.03181361048168262,0.02901091947567939,0.02552583596502864,0.02854873202316001,0.026186518795051964,0.026766657188631904,0.03237694347788664,0.03163279014492967,0.03322420392315897,0.03360380980375773,0.032556052950744076,0.029700827843424243,0.03400431898407082,0.030553265010941102,0.026454967531095417,0.02788060545489144,0.027921372167658404,0.027447445391746653,0.028003909544439817
BAJAJFINSV,,,,,,,,,,,,,,,,,,,0.031765307009699366,0.027801006791922007,0.02415801512149125,0.02658975780871392,0.025847675379177013,,,,,,0.02617964555059205,0.02466414820620698,0.025060382207784414,0.024201272707645518
BAJFINANCE,,,,,,,,,,,,,,,,,,,,,,,,,,,,,,0.04369342165984882,0.04858808908700423,0.0460839165849155
BHARTIARTL,0.041410393924440944,0.03381576777268995,0.02759842482915415,0.02629827896485836,0.02611398602687108,0.036141745189457244,0.03751149533442957,0.04393956047906817,0.058506823558842874,0.06322326450664084,0.04305567610787853,0.04270282191983713,0.04138187409436062,0.03930246104039593,0.04665174590103006,0.0493418753220502,0.05427851548592276,0.05396206759418193,0.05660573260504857,0.054145383351844024,0.053525309078573946,0.0573486594945698,0.05844063304915758,0.05948050210544708,0.06827160950660821,0.07639697453318867,0.08339399156004479,0.0775998087123231,0.08628929146985778,0.0919511304582042,0.0894875660848674,0.09390689365973118
COALINDIA,0.05069833094832922,0.04032515591697368,0.037396855414343594,0.03490821130777121,0.03196448017819471,0.03237871147343217,0.024986831518455335,0.02492593991709636,0.021387583485803843,,,,,,,,,,,,,,,,,,,,,,,
HCLTECH,,,,,,,,0.029502395134642777,0.02934584076303486,0.03186682805909403,0.04206659098458097,0.040169586033704754,0.03957021209867158,0.037016837248789486,0.042851988644544634,0.04389596648403848,0.038586003482658136,0.035360179151049574,0.030063551279115724,0.03180265611487638,0.03526765920215849,0.03521923818827912,0.03524434115958087,0.03810085325670268,0.038489274249375496,0.03444726239175147,0.03907037315553086,0.0417699786968772,0.03529907615005644,0.035218248388963765,0.029382011613988273,0.03195330170901377
HDFCBANK,0.03540044803249302,0.033733155621191065,0.030834340742989658,0.0336949010641155,0.03444224118568446,0.03456220949418813,0.06811704019309657,0.06666722712122904,0.05855626998896446,0.06170279643905869,0.05669236000706512,0.061881832038493075,0.06109455403768166,0.05741018156859174,0.05449849193723581,0.05027407693903492,0.04981366527581176,0.050123661379348684,0.0470357528093776,0.05119319292843663,0.05377485668138617,0.05197009863527586,0.060858280138168123,0.06214044897496519,0.050536871893579145,0.05570608333916341,0.05297367240467147,0.05442557973487123,0.05713587586169596,0.057495008454189804,0.056886893088978985,0.05561571491477559
HDFCLIFE,,,,,,,0.024607496946206387,0.0241844940556753,0.022079114958775656,0.023377080017228453,0.021577291995161806,0.021384461483578046,0.02087860888941232,,,,,,,,,,,,,,,,,,,
HINDUNILVR,0.08320400925933519,0.0873009715379416,0.07878012028432088,0.09200814349014312,0.08007805735979136,0.08010935649263318,0.08704561157888853,0.07966650013591513,0.12330387468575633,0.10801537466357393,0.09281708515128036,0.088053166392095,0.08477650713668816,0.08053525621655473,0.07834350155163512,0.06800213696667608,0.058813079805216883,0.07016941097241242,0.07528175766231017,0.06785417599772955,0.07204142002763862,0.06874684395341402,0.06093284650115484,0.05994227836967277,0.04888759256825512,0.05053471736190273,0.05571797736741457,0.04388903183139859,0.04335182441493167,0.04047774658166069,0.046181796724502476,0.041670002021002704
ICICIBANK,0.051582598048986794,0.0435289587429877,0.044491272712890335,0.0541845288949442,0.05672333996662616,0.05838620164374646,0.05683738640310575,0.06671836173010068,0.05192843123174139,0.04799693134145759,0.04672752247392645,0.05779056823228756,0.05974001781702161,0.06059703312873103,0.05997800734676111,0.06302017218278867,0.062004494738909136,0.06586546855538974,0.0713695229695235,0.07008757017960694,0.07335750481840261,0.07144000987256204,0.07011604616173205,0.06695032083611088,0.07054783793319216,0.0734071773029081,0.07190254492632836,0.0726336841972572,0.07843824165427474,0.07730770922367193,0.07504670285211379,0.07270701612850679
INDUSINDBK,0.031091176365676366,0.028510614637890293,0.022994455043746538,0.022492458439333143,0.024111495164419537,,0.01945141958409881,,,,,,,,,,,,,,,,,,,,,,,,,
INFY,0.03563295166507135,0.035081349355325656,0.07216197306561753,0.06724352007748559,0.07069625195085721,0.06508388316090405,0.06960302571908514,0.05958600951896396,0.06770318732873591,0.06610222950443133,0.08202701065885529,0.08368915368754629,0.08649524064575978,0.09338175303205429,0.0869436903675736,0.09735649990206328,0.09801124656312375,0.08235463637621303,0.07067135772641793,0.07119235396236977,0.07094159660832647,0.06055328165430193,0.06266324160693709,0.061326415737529706,0.057138383217267226,0.05657501056681384,0.0624271808965564,0.06266695995992551,0.05328396760366645,0.049959754734157535,0.046822828181111754,0.04718276160708038
IOC,0.032963728880123784,,,,0.02223940974508346,0.02025495588286849,,,,,,,,,,,,,,,,,,,,,,,,,,
ITC,,,,,,,,,,,,,,,,,,,0.048943793974206104,0.04640532213492999,0.05707656457319392,0.0613735570120126,0.058291986630619935,0.055209343675843105,0.049140592996922576,0.0461349654599852,0.05195056380262754,0.048578393265840104,0.04188388122249627,0.039127327702154754,0.03928113974861429,0.03739832739366862
JSWSTEEL,,,,,,,,,,,,,,0.022928601895653836,0.01993632780440333,,0.021638476638407282,,,,,,,,,,,,,,,
KOTAKBANK,0.057579526916782406,0.06290702253174732,0.049260711384363755,0.055987104652805604,0.05622074272849378,0.05838312455756097,0.06372274296115787,0.061599504959881084,0.06143997332055043,0.056771427582872847,0.04794222357028012,0.061833634296631516,0.05155405334889962,0.04690954621592522,0.04908197643650943,0.043695924483313234,0.04252974702515743,0.04415552865611804,0.04292472508491811,0.04092249739932751,0.041224224657425784,0.040089520819936,0.03628417879304769,0.036320883792488184,0.03261532507400405,0.031163457185384325,0.02954618455282034,0.028506455431055736,0.03526083252388219,0.032296856249682156,0.030976465776646984,0.030398531166824096
LT,0.05296133834805528,0.043923224889278904,0.040347809730191524,0.04708582095910787,0.042732177127979006,0.04511367524772581,0.04197058372079603,0.034870280549204775,0.028126733768838993,0.02793959101302851,0.02417858174405583,0.02828841181939616,0.029573579830871867,0.02923299850970642,0.029520881464545266,0.03266124418766126,0.030345581656393783,0.029315151426720462,0.030851191148786723,0.0330542824454268,0.03642615421418627,0.038014615818860197,0.04370855135749003,0.04641487489918831,0.04754434203459704,0.04242853342551729,0.04051205108300114,0.03982571848278886,0.03922858009736576,0.03788984183742331,0.03933416675582178,0.040545399205047315
M&M,,0.027425590329700024,0.024218733493832297,0.023343411514610574,,,,,,,,,,,,,,,,,,,,,,0.03100238695603249,0.030850575472253238,0.030019193487410244,0.0270776568266775,0.029719177045936664,0.033313028701853695,0.03388798461613394
MARUTI,0.07716962854092521,0.06551679382926315,0.05022539462575276,0.05267831623973211,0.04377415696090149,0.040863851712785934,0.041157956131113164,0.042597420637940815,0.03210057200749653,0.037192282778644045,0.038908389793173764,0.03615279623150994,0.03074742831033071,0.031489933460018806,0.027356477065576434,0.027510215115696117,0.02790823514471416,0.03425923956915546,0.031688147431226915,0.028594877639027884,0.029997138014861785,0.03230636995121608,0.033713084996029104,0.031019674976812787,0.03640251972137072,0.032904499532652114,0.033363320939392524,0.02740609893569184,0.029590157847450168,0.029270138609688884,0.03939459841077898,0.03647421273438786
NTPC,0.033616497715993614,0.02695809323099559,0.025941506703215027,0.023923063366296352,0.02950766403165159,0.028952569603102076,0.023586757018900655,0.022542497695745744,0.02064495853278173,0.019989699861525063,,,,,,,,,,,,,,0.02889396257802626,0.029920295358528335,0.03190662037063184,0.034449506895188484,0.02594885424627681,0.02832354503872368,,0.025805956006097065,
ONGC,0.06578163286422094,0.049954851262660256,0.051455873860270035,0.04493540856549695,0.043085883505409886,0.043686547529083644,0.033638738422587036,0.03100861788579845,0.021292005767844804,0.02158202605595694,0.0166398383345246,0.018314192478244156,0.019069614669851933,,0.02243445800179717,0.02196801949234109,0.025193184885594893,0.025525838961364664,,,,,0.02538566865387537,,0.030986236364887943,0.030000076819771754,0.030011245480310204,0.024162257198500382,0.025317649835191375,,,
RELIANCE,0.07369649169482508,0.06922618544232309,0.082481231311503,0.07589591104571491,0.0865787975972661,0.0751758434582942,0.07832910841843405,0.08397024813877833,0.07998464781761558,0.11214404572969543,0.13318012216599695,0.09693002198285589,0.09276134072872298,0.09135580232323012,0.0970241667292995,0.09067823099857476,0.10052091034558878,0.10851333271893399,0.08822150129437101,0.08968759753979744,0.08716693052540898,0.08699992082562569,0.08344270070299747,0.0837483000727218,0.09237973453267644,0.09211633413705943,0.08008717845356068,0.1320402426512216,0.1409437569151468,0.15246111567863224,0.14428981734087798,0.15061205581939394
SBIN,0.06429706240126287,0.05688015519032779,0.0536151806742849,0.061685634491186705,0.06254298848775128,0.06674090525102659,0.049031136667297553,0.057001574495004405,0.04353417574721059,0.033585378710073444,0.03160371100834657,0.038390535261471515,0.048246047304413384,0.05188947834325545,0.04989361577146163,0.05039210089640788,0.05381883883902214,0.05566930912194496,0.056268018948291004,0.061760621822427655,0.055976271736867776,0.05585419602126266,0.05618576223752727,0.0548748125176682,0.06169813121230012,0.06589251759862215,0.05636657576857384,0.05695407882496042,0.05624103637091253,0.0549674899323991,0.06295286038027484,0.06486732435971941
SUNPHARMA,0.03424667511216861,0.033254808261735554,0.033836575446857066,0.024127579432047828,0.02506076773796885,0.019914803733079772,,,0.02094638511569419,0.0239304303261286,0.022934571634940427,0.022235677233379082,0.02128433304341889,0.02247774780891019,0.024228936549175847,0.02488272130495336,0.026816812688456353,0.0266818902518043,0.027045933400538357,0.027093472958054792,0.02824744433395668,0.027565572474460506,0.029240154889686922,0.02893920952961671,0.035728607467055515,0.03173524650533642,0.037056617415667,0.036333600040443684,0.03399718038692491,0.030185900891823353,0.029902334752214176,0.030707011948208376
TCS,0.07861930859081759,0.17384681851615424,0.18541096593346185,0.1659282679171452,0.16489258540792,0.17300612599040063,0.15981438674213708,0.1552312040227944,0.1697999194934448,0.16476453369097707,0.17862684521458888,0.16806291157114292,0.17443636592910447,0.17165345377597438,0.17235665198148317,0.1695746730151856,0.16720457409676961,0.16005334067410382,0.13063303530619932,0.13437313558551914,0.14047824003772943,0.13200914581270556,0.1358024042181601,0.1314384905543033,0.1288721909954038,0.12284858802461678,0.12379843571339383,0.11893427900201281,0.10657381024930244,0.09404227621348829,0.08169219122031594,0.0827723744733333
TITAN,,,,,,0.024529400306704852,0.02292914431846078,0.020182862917840008,,0.01778311224660771,0.02037121625608549,0.021767073651256,0.02052593904427451,0.02133292027134187,0.02368598238195927,0.027460786139666685,0.0275104152872724,0.023074039659338092,0.027500850941324585,0.026003399211899914,0.02673743037713644,0.029559631215346653,0.02940288624602146,0.031248829194332167,0.03101418691703788,,,,,0.024596610851122226,,0.025107065329536438
ULTRACEMCO,0.03127205910782289,0.025770404150463885,0.025228836306011637,0.02560261329842498,0.02358450829771761,0.025902620806685258,0.024189628717403225,0.022347602795995028,0.02320781824387844,0.023698685032692884,0.022324481489169497,0.023880131866425076,0.028861422403991494,0.027128160612881192,0.026347911092557456,0.026871171808194615,0.023286918562613446,0.02167157619924008,0.021455759498462092,0.022653172572216197,0.026350831261630025,0.026161046224903686,,0.0290373532767046,,0.029295443644387506,0.027312355908431916,0.026481931547206548,0.02770338452595995,0.026754725113086932,0.02815372567440617,0.025904924076635492
WIPRO,,,,,,,,,,,0.01711308628275951,0.01726877477755872,,0.02073352738947567,0.021445228165035225,0.024041494852462132,,,,,,,,,,,,0.025368886222842727,,,,
